000010000110011110012121212
002222222200022222220000222222222222222000022222222222222
00330011111111110013131313131300123123123123
0040000111100400222224222220013131313
0010011001110022222001313130002222220000222200041111
00400400121212121233333000040033333333
001111002213312001111112222220022222442222200333111222222
0033333004400222004440002222200444200044
00121212121200440011111111003333333333
003300333002222224444422220023232323232323004
003333001212121212121212121200013131313131313130002424
0033224400333333442222220013131313004444000123123123
00402224013333013333032323200140014001313131313131313130000444444
00222222200444440002220040022422422222200033330000222222200333333333
0012222333004440022222222244443334442222222222200012341234123412341234123412341234123400042222224444444444444444